0,467
0,386
57,52
57,51
57,50
57,49
57,48
57,47
57,46
57,45
57,44
57,43
57,42
57,41
57,40
57,39
57,38
57,37
57,36
57,35
3,2
3,1
3,3
10,211
10,77
10,167
10,81
10,15
10,277
10,239
10,13
10,2
9,5
9,7
8,8
8,10
8,14
8,13
8,2
8,3
36,3
36,2
36,1
36,0
20,3
20,2
20,1
19,3
19,2
19,1
12,3
12,2
12,1
11,28
11,27
11,26
11,25
11,24
11,23
11,22
11,21
11,20
11,19
11,18
11,17
11,16
11,15
11,14
11,13
11,12
11,11
11,10
11,9
11,8
11,7
11,6
11,5
11,4
11,3
11,2
11,1
10,299
10,295
10,294
10,293
10,290
10,287
10,286
10,284
10,276
10,275
10,270
10,265
10,263
10,260
10,258
10,257
10,256
10,254
10,253
10,252
10,249
10,248
